[gd_scene load_steps=9 format=3 uid="uid://8hosxf06aary"]

[ext_resource type="PackedScene" uid="uid://7ikqccu7y2p0" path="res://cromwell.tscn" id="1_dyv6y"]
[ext_resource type="Script" path="res://RotateCamera.gd" id="2_de4r0"]

[sub_resource type="BoxMesh" id="BoxMesh_m4goe"]
size = Vector3(50, 1, 50)

[sub_resource type="BoxShape3D" id="BoxShape3D_ogjdv"]
size = Vector3(50, 1, 50)

[sub_resource type="PrismMesh" id="PrismMesh_m0i53"]
left_to_right = 0.0
size = Vector3(10, 2.5, 10)

[sub_resource type="ConvexPolygonShape3D" id="ConvexPolygonShape3D_58xvq"]
points = PackedVector3Array(5, 0, 5, -5, 0, -5, -5, 0, 5, 5, 0, -5, -5, 2.5, 5, -5, 2.5, -5)

[sub_resource type="SphereMesh" id="SphereMesh_o3cs1"]
radius = 5.0
height = 10.0

[sub_resource type="SphereShape3D" id="SphereShape3D_4wtt8"]
radius = 5.0

[node name="Root" type="Node"]

[node name="Terrain" type="Node3D" parent="."]

[node name="DirectionalLight3D" type="DirectionalLight3D" parent="Terrain"]
transform = Transform3D(-0.941771, -0.100265, 0.320958, 0.0798033, 0.860591, 0.503006, -0.326648, 0.49933, -0.802478, 15.4513, 22.1626, -7.30389)
shadow_enabled = true

[node name="Node3D" type="StaticBody3D" parent="Terrain"]

[node name="MeshInstance3D" type="MeshInstance3D" parent="Terrain/Node3D"]
mesh = SubResource("BoxMesh_m4goe")

[node name="CollisionShape3D" type="CollisionShape3D" parent="Terrain/Node3D"]
shape = SubResource("BoxShape3D_ogjdv")

[node name="StaticBody3D" type="StaticBody3D" parent="Terrain"]
transform = Transform3D(-0.996769, 0, 0.0803202, 0, 1, 0, -0.0803202, 0, -0.996769, 0, 1.45514, 14.4828)

[node name="MeshInstance3D" type="MeshInstance3D" parent="Terrain/StaticBody3D"]
mesh = SubResource("PrismMesh_m0i53")

[node name="CollisionShape3D" type="CollisionShape3D" parent="Terrain/StaticBody3D"]
transform = Transform3D(1, 0, 0, 0, 1, 0, 0, 0, 1, 0, -1.25, 0)
shape = SubResource("ConvexPolygonShape3D_58xvq")

[node name="StaticBody3D2" type="StaticBody3D" parent="Terrain"]
transform = Transform3D(0.709096, 0.0645328, 0.702153, -0.0906326, 0.995884, 0, -0.699263, -0.0636379, 0.712026, 8.54774, 1.45514, -14.2367)

[node name="MeshInstance3D" type="MeshInstance3D" parent="Terrain/StaticBody3D2"]
mesh = SubResource("PrismMesh_m0i53")

[node name="CollisionShape3D" type="CollisionShape3D" parent="Terrain/StaticBody3D2"]
transform = Transform3D(1, 0, 0, 0, 1, 0, 0, 0, 1, 0, -1.25, 0)
shape = SubResource("ConvexPolygonShape3D_58xvq")

[node name="StaticBody3D3" type="StaticBody3D" parent="Terrain"]
transform = Transform3D(1, 0, 0, 0, 1, 0, 0, 0, 1, -16.5981, -3.00273, -6.78675)

[node name="MeshInstance3D" type="MeshInstance3D" parent="Terrain/StaticBody3D3"]
mesh = SubResource("SphereMesh_o3cs1")

[node name="CollisionShape3D" type="CollisionShape3D" parent="Terrain/StaticBody3D3"]
shape = SubResource("SphereShape3D_4wtt8")

[node name="Cromwell" parent="." instance=ExtResource("1_dyv6y")]
transform = Transform3D(1, 0, 0, 0, 1, 0, 0, 0, 1, 0, 3.1028, 0)

[node name="SpringArm3D" type="SpringArm3D" parent="Cromwell"]
transform = Transform3D(-4.37114e-08, 0.5, -0.866025, 0, 0.866025, 0.5, 1, 2.18557e-08, -3.78552e-08, 0, 0, 0)
spring_length = 10.0
margin = 0.2
script = ExtResource("2_de4r0")

[node name="Camera3D" type="Camera3D" parent="Cromwell/SpringArm3D"]
